# oST version 5.0 parameters


[image]

width
1280

height
720

[narrow_stereo]

camera matrix
965.019319 0.000000 544.108134
0.000000 989.220878 324.076046
0.000000 0.000000 1.000000

distortion
0.240922 -0.189227 -0.029491 0.008161 0.000000

rectification
1.000000 0.000000 0.000000
0.000000 1.000000 0.000000
0.000000 0.000000 1.000000

projection
1051.773682 0.000000 556.265826 0.000000
0.000000 1067.099976 301.148375 0.000000
0.000000 0.000000 1.000000 0.000000
