image_width: 1280
image_height: 720
camera_name: main_camera
camera_matrix:
  rows: 3
  cols: 3
  data: [939.3574916338279, 0, 666.2194264605677, 0, 971.5993026254282, 390.5745330984806, 0, 0, 1]
distortion_model: plumb_bob
distortion_coefficients:
  rows: 1
  cols: 5
  data: [-0.4049970603519255, 0.1349995251162114, -0.001307818877316518, -0.001598929638928457, 0]
rectification_matrix:
  rows: 3
  cols: 3
  data: [1, 0, 0, 0, 1, 0, 0, 0, 1]
projection_matrix:
  rows: 3
  cols: 4
  data: [717.4822998046875, 0, 676.7213024580633, 0, 0, 910.9436645507812, 393.494742482475, 0, 0, 0, 1, 0]