# oST version 5.0 parameters


[image]

width
1280

height
720

[narrow_stereo]

camera matrix
974.188067 0.000000 661.227493
0.000000 1007.641482 379.604668
0.000000 0.000000 1.000000

distortion
-0.395244 0.144421 -0.001341 0.000679 0.000000

rectification
1.000000 0.000000 0.000000
0.000000 1.000000 0.000000
0.000000 0.000000 1.000000

projection
777.267334 0.000000 673.352704 0.000000
0.000000 951.945007 380.762178 0.000000
0.000000 0.000000 1.000000 0.000000
