image_width: 1280
image_height: 720
camera_name: main_camera
camera_matrix:
  rows: 3
  cols: 3
  data: [974.1880666239152, 0, 661.2274930439701, 0, 1007.641481557203, 379.6046681708773, 0, 0, 1]
distortion_model: plumb_bob
distortion_coefficients:
  rows: 1
  cols: 5
  data: [-0.3952436144970574, 0.1444205608780831, -0.001340715793875954, 0.0006789191107269199, 0]
rectification_matrix:
  rows: 3
  cols: 3
  data: [1, 0, 0, 0, 1, 0, 0, 0, 1]
projection_matrix:
  rows: 3
  cols: 4
  data: [777.267333984375, 0, 673.3527039379114, 0, 0, 951.9450073242188, 380.7621780477439, 0, 0, 0, 1, 0]