# oST version 5.0 parameters


[image]

width
1280

height
720

[main_camera]

camera matrix
949.537587 0.000000 635.148830
0.000000 980.876645 393.899692
0.000000 0.000000 1.000000

distortion
-0.353508 0.110086 -0.000783 0.005139 0.000000

rectification
1.000000 0.000000 0.000000
0.000000 1.000000 0.000000
0.000000 0.000000 1.000000

projection
710.307312 0.000000 651.416042 0.000000
0.000000 737.025002 396.046448 0.000000
0.000000 0.000000 1.000000 0.000000
